2.221260
5.713972
1.731357
1.286598
3.898086
0.918885
0.861653
-0.495166
-0.755556
-0.267604
-0.776098
0.246244
-0.699262
-2.096908
-2.208777
-3.524812
-3.515184
-10.812123
-1.325189
-1.782433
-1.870660
1.408991
-0.026927
-1.222168
3.305082
-0.560334
0.394001
0.558019
1.519944
1.070018
2.493577
3.610867
3.153643
2.579479
1.307730
2.278438
0.051831
2.659663
2.652163
-1.286764
-1.567725
-1.450413
-2.702127
-0.399982
-3.864704
-1.109487
-1.796347
-0.940222
-1.239507
-2.316647
-1.745981
0.493636
-0.115471
-0.142844
1.348421
0.796781
3.984027
1.902221
1.712125
1.601224
0.843169
0.599499
3.003504
0.120412
1.578392
-2.095620
-1.507418
-1.584622
-1.949398
-2.308749
-1.637440
0.401786
-2.158465
-0.927927
-1.026189
-2.227479
0.965850
0.234637
0.890031
2.216823
1.259189
2.093432
2.220717
2.396654
1.599255
1.493599
-3.089278
0.271508
1.431082
-1.670140
-0.872638
-1.003988
-2.023106
-4.196952
-1.590196
-2.653343
-2.838036
-2.199571
-1.756755
-0.070088
-0.710634
0.473130
2.367787
1.725659
3.663260
3.777344
1.464375
1.239743
0.096104
1.615822
-0.377630
-1.738119
0.780429
-1.848258
-2.507544
-2.876850
-2.098605
-1.226199
-1.559119
-0.725267
-0.189263
-0.932066
-0.796513
3.231258
2.713542
2.040366
0.999110
1.609149
2.522991
-0.214861
-1.293437
-1.325302
-1.174237
-2.832565
-3.184241
-2.077328
-5.940521
-5.561480
-2.463134
-1.818721
0.689588
-0.513505
-0.219426
1.818055
0.741898
2.126604
2.085874
0.371315
0.150573
0.425510
-2.111130
-2.395648
-1.920491
-1.484403
-1.101125
-2.899372
-1.328014
-1.564583
-0.080775
2.084451
1.393359
1.463858
-1.526997
3.052123
0.567226
1.352576
1.342254
-0.412603
-0.668483
-2.476180
-1.791212
-2.228656
-2.746137
1.329742
-2.409880
1.238762
1.585787
0.499879
2.275763
3.852728
-0.105413
-0.433979
1.805091
-0.569464
-1.190989
-3.283846
-1.937485
-2.399298
-2.653992
-0.759989
0.540073
-1.173226
0.814025
1.227370
1.705374
0.986427
2.230926
-0.680263
1.685948
-2.455043
0.503023
-1.701810
0.640051
-1.859619
-3.575009
-1.973096
-1.569534
-0.998679
0.534692
1.069119
1.265965
2.292374
1.489805
0.646945
0.881173
2.361884
0.023102
0.125778
-1.819513
-2.411956
-1.071319
-1.597068
0.393641
-1.086032
-0.234184
0.805973
2.480020
1.089446
3.090516
2.084141
2.928549
-0.408226
-1.206932
-0.921286
-1.256187
-4.263715
-1.709476
-0.784275
-0.995925
-2.704113
0.881395
0.186772
0.508216
1.793927
0.099350
3.048724
1.467673
3.525952
3.993775
0.488731
-3.498025
1.027437
-0.859718
-1.202518
-1.567604
-0.256315
-2.155264
-0.315850
0.158101
-0.441857
3.697918
2.689548
2.041871
1.394484
1.836667
2.141640
1.913799
-1.782275
-0.615865
-0.904853
-2.415457
-2.286159
-6.448377
-1.710065
-2.616427
-2.468431
-1.363985
0.485643
1.289478
0.624676
1.034077
1.766378
2.354459
1.895774
1.204043
-1.369214
-0.512418
3.451989
-0.843201
-0.460072
1.400964
-1.483875
-2.154761
-1.056520
-1.417755
1.445038
0.906740
2.602443
3.629071
2.877676
1.712427
2.923433
1.863436
-0.033212
0.793839
2.285493
-1.373621
-2.586677
-3.239547
-1.331849
-1.240110
-5.775473
-0.669432
-1.404603
0.250289
1.403083
1.703885
2.360994
2.020784
0.999705
2.435286
0.856472
0.660063
1.257065
0.997689
-1.900345
-0.889687
-1.912421
-1.164188
-0.505500
-3.384463
-1.361007
-2.978209
3.604192
-0.870465
0.711789
0.341597
0.107178
1.298987
0.927966
0.857530
0.091347
2.191174
6.335610
1.855226
1.760213
2.489878
1.906116
-2.695595
-0.097729
-0.476759
-0.864649
-2.483461
-2.727502
-1.662664
3.008039
-0.749789
-1.727345
1.637745
0.253920
1.392454
1.972410
2.618058
-2.351030
3.056454
1.015827
3.699429
0.927747
2.329866
0.404589
0.156803
0.557109
0.266212
-2.229035
-1.642201
-2.267172
-2.683566
-2.195220
-3.010052
-1.044753
-2.023105
-1.871537
-1.032135
0.362078
-1.730242
0.195236
0.767528
1.692906
4.127837
2.125251
1.817685
0.436335
2.895839
1.963517
1.270729
1.774205
-0.919203
-0.232479
-0.088522
-2.525313
-0.925270
-1.367541
-1.562176
0.312809
-0.708909
-1.199220
-1.032263
-1.792901
-1.436148
-0.096953
-0.595088
-1.227837
-1.097865
1.092821
-0.466146
-0.086285
1.523179
0.068377
1.015985
0.378393
1.575775
3.515514
2.813368
2.557960
5.513543
2.727776
1.474156
-2.978192
0.665876
-2.211548
-1.450093
-1.770148
-1.159131
-1.035470
-1.277494
-1.764253
-1.893452
2.246437
-1.462368
-1.035473
-1.348812
-1.727649
-1.194818
-0.422416
-0.875415
-0.419411
1.160738
0.611004
1.398028
1.649007
0.479182
1.251574
1.491292
-0.419483
1.850863
4.994911
0.004269
0.015274
0.228363
1.053839
-1.364345
-1.662691
-0.930220
-2.728469
-1.786319
-2.248873
-2.278049
-2.037835
-1.498888
-2.282021
-1.739488
-2.808083
-0.217326
-0.991330
-1.155167
-0.543314
-0.465631
1.050970
0.352202
2.699689
2.318298
0.575295
0.669147
-0.000549
1.460193
3.286732
1.676271
1.560383
2.729297
0.353453
0.709086
0.697430
-1.535092
2.132644
-1.863428
-0.904004
-2.800167
0.507124
0.897624
-3.302537
-4.753857
-3.508450
-3.742859
-1.081071
0.031162
-2.498014
0.469698
0.050287
-0.683869
2.560038
-0.372817
4.749371
2.856125
0.944989
1.099261
2.174881
1.156850
2.396297
0.101199
0.506299
0.323432
1.605847
5.162102
3.836408
1.127366
1.362734
1.135250
0.070530
-2.247785
0.582850
-0.612993
-2.486277
-3.605843
-0.982918
-4.477043
-1.132456
-2.320985
-7.572515
-0.769275
-2.807046
-0.318950
2.458649
1.428665
2.993071
3.921937
3.096044
2.577881
2.342665
0.661561
-0.024120
0.302147
-0.305382
1.962599
1.484489
0.625680
-0.699101
-0.338686
-1.180030
-0.269255
-0.474133
-1.100758
0.382901
-1.052611
1.646461
-3.466956
-3.338489
-5.336642
-4.886933
-0.267121
-1.072989
-1.605308
1.677963
1.628447
4.027838
3.770631
2.325436
4.814257
3.123275
3.525275
2.788218
0.431708
14.867915
-1.448796
-2.144393
-1.819518
-1.289172
-0.032062
-1.040729
-0.349416
0.485123
-2.309243
-1.658383
-3.634937
-1.021946
-1.344529
-1.421118
-1.784416
-0.659101
2.508343
1.797897
1.592317
5.704178
4.866535
3.276911
3.556052
3.864479
1.848601
1.285155
-1.698796
0.365966
-2.373489
-0.598114
-0.995577
-4.948534
-2.146380
-2.865561
-1.752661
-1.298318
-1.014434
-2.801968
0.029433
-2.570391
-1.649817
-2.186010
0.202867
-1.386629
0.727543
1.527038
2.041060
0.435549
3.944713
3.710870
3.198633
1.960916
0.119601
1.095527
-1.778851
-4.679240
-2.118723
-1.766467
-1.166475
-4.111770
-0.337431
-1.529160
-0.776167
-0.521976
1.637650
0.068814
-0.313759
-0.111751
-1.542082
0.264999
-1.949430
0.980294
1.543889
3.018876
2.661724
1.891601
3.103753
3.211673
1.659321
3.096438
0.337013
-0.558833
1.503313
-2.804058
-2.634117
-1.334792
-1.842373
0.026032
-0.534116
0.397518
-0.890012
0.251498
-0.733030
-2.576798
-2.464784
-3.101439
-0.871201
0.287975
-0.525190
-1.553942
0.756661
3.139685
3.193007
3.806006
3.373859
4.045935
0.689810
-0.303147
2.369736
-0.714821
-0.543154
-2.242676
-1.519808
-0.106749
0.892344
-0.070269
-0.933603
-1.462350
0.097039
1.443330
-0.599356
-1.006690
-2.660667
-0.827660
-2.489961
-0.718082
-2.118528
1.402401
2.755401
1.519191
3.034832
3.917433
3.497337
2.148077
1.343288
-1.579421
1.302277
0.466354
0.378005
3.519446
1.011664
1.764862
1.290644
1.402605
-1.037453
0.090276
-1.251121
0.202441
-3.182262
-3.241721
-4.124013
-1.828855
-2.007188
-0.538260
1.603092
5.402430
-1.054574
0.997677
1.095527
2.255823
1.015268
2.857199
1.134744
-0.447259
0.760398
1.556095
3.479917
1.431553
0.383041
3.320214
1.672455
-0.188294
1.301164
-1.037003
-1.556536
-0.468742
-5.134344
-3.099176
-3.794589
-2.139248
-2.814277
-0.088273
1.679206
1.154782
0.846745
1.948907
3.339307
0.902758
0.391724
0.512821
0.381345
-0.192436
-0.913795
0.033026
0.610969
4.064227
1.872109
3.635431
1.546806
1.424255
1.814813
0.921013
-0.719885
-3.355178
0.077593
-1.578493
-2.559823
-0.846346
-1.320866
-0.210494
-0.848856
0.441468
0.732952
0.576467
-1.102487
-2.779389
-2.663886
1.092485
-0.479962
0.230726
0.967642
2.951817
4.472951
7.646278
1.839749
0.648982
3.818538
-0.933901
-0.828782
-2.903541
-2.696449
-0.757216
-1.447119
-0.863341
2.010793
-0.263190
0.706800
-0.337064
-1.866557
-0.935730
2.137918
-2.939678
-2.885664
-1.451272
-1.984334
-0.126022
1.163162
1.881884
2.465647
2.060202
1.354582
-1.195671
3.965265
0.155835
1.056998
2.999292
3.059819
1.414332
1.408276
7.080554
1.621196
-2.741492
-0.539133
-3.258720
-3.716773
-5.682586
-2.981082
-0.378160
0.178195
1.969225
1.290235
1.286797
0.197579
-2.191972
-2.539047
-1.028055
0.197104
0.746702
-0.115156
1.953379
-0.345857
0.438856
3.027309
2.535817
0.805945
0.385167
-0.404100
1.091287
0.918202
0.750042
2.258758
4.723114
0.096875
0.205561
1.290289
-2.296102
-2.765110
0.206228
-2.108687
-1.371563
-1.520753
0.090502
-0.501222
-2.829738
-1.144341
-2.525836
-1.219563
-1.846425
0.159795
-1.543608
-1.638570
2.816346
2.903210
-0.177715
-2.136722
-1.612883
-1.249650
-2.458206
0.799346
3.126290
-0.215772
2.802676
2.814785
1.530748
-0.616634
-4.780836
-0.742550
-0.723940
0.373683
0.403105
2.313398
0.799649
2.103122
-2.704628
-1.371998
-2.023930
-2.117353
-1.435989
0.690135
-0.961260
1.204635
-0.297969
1.295354
-2.216770
-1.922789
-1.519370
-0.892659
-0.520892
-1.533375
-1.664202
0.694990
0.762350
-0.012609
-0.439426
-1.792109
1.058211
-0.863318
1.872698
2.346430
3.266915
1.334259
-0.095262
-0.198964
-0.360917
-1.396681
1.093038
0.673773
1.269670
2.545403
1.489975
-0.863577
-0.950530
-0.735249
-0.814921
-1.116193
0.137868
0.989960
1.596277
-1.312587
-0.651271
-2.103455
-2.731440
-3.555650
-1.554774
-2.246393
-1.947881
-0.522546
2.654695
-0.335764
1.484086
-2.757481
-2.947996
-2.260342
0.419301
-0.873653
-0.267547
4.501084
-0.967095
-0.324358
-0.842481
-1.008192
-0.920548
1.728842
1.932840
3.612372
1.778037
1.353653
-0.040254
-0.043255
0.510026
0.497727
0.626587
2.802690
2.045334
1.197635
1.521778
0.617414
-1.395087
-1.722449
-0.086025
-1.869136
1.217267
3.377918
0.099365
-0.239076
0.958225
-1.613597
-1.852528
-1.520429
1.111711
-1.699230
-0.528889
0.979710
0.326698
-0.784880
-0.745322
1.844412
0.607974
-0.013330
-1.003614
1.272205
2.079218
-1.312747
-0.403563
-0.973105
-2.724026
-2.884528
-0.022696
4.749461
1.082422
1.737002
0.316039
1.151987
1.034518
-0.864182
3.297467
1.555827
-0.126392
0.513280
0.701397
-0.194836
-0.089699
-1.651918
0.039039
-0.043364
-0.355675
1.144791
1.051989
0.970114
-0.027825
0.312676
-2.445297
-0.582593
-0.714616
-0.311572
0.289640
-0.164621
1.067003
0.477484
-0.960477
-1.872211
-0.484737
-1.590554
-0.876989
0.288091
0.625477
1.910168
1.810642
0.463349
-2.149681
-0.179338
3.269406
0.171919
3.322490
1.644003
1.012428
0.094079
-0.424843
-0.330615
-0.617026
1.975783
-0.739092
-0.406648
0.694161
0.122387
-1.334813
-0.322884
1.786444
-2.326323
0.044208
-0.983065
-0.572484
1.203757
2.183890
3.227838
-0.948006
-1.588700
-1.676629
-0.155056
-1.643998
-2.129752
-0.784852
-1.958123
0.032354
0.297836
0.482717
-0.859148
-1.806932
0.121392
-1.800519
-0.304117
0.028559
0.792033
2.162062
2.342520
-0.102121
-1.107187
-2.827174
0.990044
1.085949
2.480770
-1.110758
-0.387473
3.001601
-1.965512
-3.401594
-0.102709
-2.146359
-0.920253
0.770240
1.494631
1.785642
2.764389
0.098174
-1.406012
-1.508276
-0.937425
-0.652243
-0.461216
0.692788
1.455160
0.525433
0.117901
-0.075084
-0.302875
-0.775029
-8.742716
-0.073091
2.036300
0.380085
1.112400
1.283521
2.253791
-0.451007
-2.331602
0.079824
-0.839205
-0.151780
-0.957121
0.932827
2.137772
-0.145796
0.133039
0.278215
-2.033107
0.128355
0.348232
1.573579
1.596009
0.031183
1.959304
2.214316
-1.302380
-0.649851
-2.165574
-0.079633
1.111734
2.055552
2.909841
-1.374585
-1.772764
-2.740713
-0.963287
-1.387914
3.604364
-0.256043
2.220296
3.216544
0.359587
-3.095908
-1.913162
0.300786
-4.748584
0.322049
-0.030237
1.161970
-1.102741
3.183521
-0.986751
-2.153435
-1.546089
-1.161176
0.237297
3.229870
2.332174
1.688625
-0.037306
-0.405361
-0.474541
-0.915736
-1.824558
1.371983
0.212487
-2.216928
1.936195
1.467009
-0.131248
-1.565199
-2.171917
-1.251809
-0.554049
1.779498
1.156619
-1.821312
-1.728587
-0.775717
0.459487
0.871176
-1.667834
1.659502
1.377022
0.762001
-1.035626
-0.976872
-1.046651
-0.897993
-0.383843
2.295681
1.197074
1.382095
-1.979371
-0.682417
-0.999647
-0.001676
-1.533690
0.547002
-2.040226
2.052658
-1.338598
-1.807746
-2.741371
-0.711088
-0.212967
0.801921
0.766648
1.928208
1.160485
1.007167
-0.198934
0.399596
-1.998009
2.098061
3.398573
-0.335660
-0.423942
-1.184661
-0.354906
-1.903131
0.407862
3.584621
1.835391
-1.479574
-1.210634
-0.250934
-1.674724
2.754504
0.632904
0.641528
1.615809
-1.423905
-0.107551
-1.172451
0.362246
-0.378672
0.206319
-3.061819
-1.279459
-0.280782
-0.378632
1.092122
2.394418
2.960324
1.562587
-1.476509
0.255642
1.245771
-0.615333
4.011744
0.547761
-2.066590
-0.546858
-2.392218
-1.670290
0.527206
0.162448
0.525682
2.065221
1.488280
-1.492614
-2.295296
-0.124293
-1.067507
0.390906
0.940562
0.783391
-1.061261
-1.513521
-2.510538
-0.113540
6.034271
1.975403
0.208231
0.761844
-0.925556
-0.835066
1.071781
0.761749
-0.712221
-1.895265
-0.873535
-1.059238
-0.084768
1.670368
0.984220
-0.376039
0.372387
-0.963063
0.860235
0.986325
0.458487
0.069777
-0.521826
-0.505570
-0.472512
1.840911
0.680481
1.819702
0.456888
-0.405335
-1.362233
-1.142905
0.172219
1.636336
0.494194
-0.388076
-1.551434
0.330657
-0.125162
2.106677
1.447206
1.523819
-0.690322
-1.930715
0.020085
-2.111048
1.897950
3.166030
0.797497
0.832383
-1.693686
-1.823341
-0.172930
1.010561
-0.567840
0.722034
-1.211755
-3.256458
0.825076
1.443203
-0.795185
1.952044
-2.440907
-1.288897
-0.200342
3.139178
1.979529
0.043062
-1.514108
-1.395249
-0.813101
0.581223
-1.198009
-0.084184
-0.070058
3.449162
1.398045
-3.085452
0.571456
0.990601
2.530419
-1.733991
-1.144640
-0.589627
0.475921
-0.083849
1.043916
-2.048122
-0.529187
0.829759
0.934624
-0.132281
0.750858
-0.626996
-2.809665
-2.135412
1.764885
0.198396
1.373006
4.127186
-1.118317
-1.537676
-0.403418
1.077864
1.925903
1.538311
0.780427
-1.599453
1.341512
0.899422
0.158444
-0.111118
-2.748787
-1.044623
-0.866046
-0.438618
1.286849
1.973526
-0.653871
-1.853585
-1.481130
0.353985
0.825136
1.026444
1.475171
-1.371887
-2.200441
1.032224
1.991004
0.813943
1.882691
-0.514638
-1.335284
0.373087
-0.157483
2.735621
0.093491
0.986146
-1.071690
-1.064114
0.375718
7.223514
2.691396
-0.204990
-0.429065
0.678421
-0.933548
0.622507
0.420510
-0.815516
-0.300447
0.423796
-1.456351
-0.225715
0.857186
1.222232
-0.813026
-0.212243
0.173417
0.220650
-0.593258
-0.257357
0.412780
-0.862935
-1.507474
-0.535310
4.146804
1.185548
0.736241
-0.828409
-2.331026
-0.079906
-0.614798
2.264296
0.437431
-1.014094
-2.385395
-1.582259
0.088807
-0.164344
0.108759
-0.216122
-1.430981
-0.670782
-1.269406
0.255786
1.009965
4.593364
-1.998834
-1.086859
0.432689
2.357357
0.945321
0.134109
0.484176
0.017702
-1.081713
0.555708
0.508333
-1.104680
-0.686497
-3.167142
-0.985688
-2.823335
5.239615
0.605338
0.738387
-0.867828
0.561521
0.355973
1.097550
1.942247
-0.624072
-1.718472
-0.762515
0.596821
-0.702735
1.686045
1.743967
-1.434544
-0.826594
-1.891489
4.459364
2.061577
-0.328344
-0.527322
0.289881
-3.920150
0.604553
1.376589
1.002551
-1.896724
1.113200
1.670623
-1.101461
1.919112
2.083320
1.626054
-0.537478
-2.012316
-1.489648
-0.653881
-2.436190
1.824889
0.520172
-2.367888
-1.142384
3.413289
0.735131
-0.337625
2.174735
-0.788428
-3.545888
0.949426
-0.587606
0.919280
2.206806
2.841749
-2.701684
-0.901062
-1.991103
2.152802
-0.369457
-1.103153
3.187213
-0.128560
-1.687099
-2.316232
-1.776978
1.037589
0.651017
0.476671
-0.613948
0.812404
8.691445
1.153663
1.217192
0.779484
-0.773331
